The code should look like this

Windows Registry Editor Version 5.00

[HKEY_LOCAL_MACHINE\SOFTWARE\WOW6432Node\BANDISOFT\BANDICAM\OPTION]
"sCode"="f3f846078ffd26881796d77d6c511496"
"sCode2"="30eb2c28798079e710a144c103be9985510c65dc6b06376868a607624b4e00c978e21b789c9300c0"
"sCode3"="b07d1c561886720560afb27db7183557"
"sUserData"=hex(7):63,00,35,00,63,00,63,00,35,00,65,00,30,00,30,00,33,00,64,00,\
  31,00,38,00,61,00,36,00,64,00,37,00,32,00,37,00,64,00,35,00,61,00,36,00,36,\
  00,31,00,62,00,38,00,65,00,65,00,65,00,65,00,38,00,39,00,30,00,64,00,65,00,\
  65,00,63,00,63,00,62,00,65,00,37,00,65,00,36,00,30,00,38,00,65,00,35,00,32,\
  00,64,00,32,00,65,00,61,00,32,00,37,00,65,00,63,00,38,00,38,00,62,00,39,00,\
  32,00,39,00,30,00,31,00,00,00,00,00
"sUserInfo"=hex(7):37,00,65,00,63,00,61,00,30,00,35,00,61,00,62,00,63,00,62,00,\
  37,00,31,00,31,00,39,00,30,00,35,00,31,00,30,00,31,00,37,00,64,00,36,00,61,\
  00,62,00,64,00,39,00,39,00,38,00,32,00,62,00,66,00,35,00,66,00,36,00,35,00,\
  36,00,62,00,37,00,36,00,32,00,64,00,61,00,62,00,37,00,31,00,35,00,39,00,61,\
  00,62,00,30,00,33,00,64,00,35,00,39,00,32,00,32,00,66,00,34,00,62,00,62,00,\
  35,00,66,00,32,00,32,00,66,00,64,00,32,00,35,00,34,00,39,00,31,00,66,00,33,\
  00,37,00,63,00,30,00,30,00,37,00,63,00,37,00,36,00,38,00,63,00,66,00,61,00,\
  35,00,34,00,30,00,62,00,65,00,37,00,39,00,37,00,36,00,31,00,31,00,00,00,00,\
  00

